49.4
65.5
58.35
56.9
59.35
59.35
60.65
66.05
67.6
65.05
69.65
70.45
72.65
75.05
73.55
69.55
74.15
79.55
72.9
80.5
88.2
80.95
81.15
86.75
84.0
88.85
82.15
89.05
84.55
93.1
85.5
90.5
87.1
85.8
93.2
97.6
89.85
96.6
89.6
89.5
96.0
92.4
96.05
96.8
97.25
92.7
94.3
93.5
92.95
99.65
102.9
99.5
102.7
100.65
99.35
102.8
109.15
101.7
105.5
112.35
107.45
103.45
105.3
104.45
109.35
111.8
107.05
107.7
112.95
108.65
109.2
110.7
113.15
111.85
115.3
110.75
108.7
117.15
114.45
121.05
119.65
117.35
122.05
122.6
118.5
117.55
119.5
126.0
121.65
125.0
130.3
124.85
127.2
131.5
131.75
126.6
121.65
137.5
129.3
123.3
130.2
128.4
131.55
134.35
128.55
129.35
131.65
133.4
133.2
136.3
134.75
130.1
134.45
127.4
129.75
132.55
139.35
127.6
137.7
131.85
141.45
135.05
133.85
138.8
143.5
135.05
138.95
133.9
135.55
132.75
135.1
138.65
138.55
136.7
141.45
142.9
138.65
146.2
147.8
145.25
142.95
142.7
143.55
146.1
145.05
141.4
142.95
147.25
141.95
141.4
149.6
144.0
148.85
145.7
145.05
149.1
153.0
143.5
151.55
145.6
150.55
156.65
148.95
147.0
149.6
148.8
160.35
150.4
155.9
149.45
150.6
149.15
154.55
151.45
161.45
150.5
156.95
161.2
157.6
151.85
148.5
150.6
149.25
143.95
153.8
153.3
148.55
152.5
153.2
156.15
150.4
154.6
162.5
152.1
156.4
161.05
161.3
156.65
165.75
152.05
152.5
160.6
156.55
160.3
162.35
162.5
153.5
161.7
170.25
166.2
164.25
165.6
162.15
161.15
171.05
171.15
165.15
172.45
171.15
176.55
170.25
171.15
174.85
189.3
177.2
174.25
173.25
167.75
174.2
175.35
171.1
169.55
175.7
176.05
166.75
175.5
169.9
180.25
175.45
170.0
174.45
187.15
171.7
171.15
174.45
175.5
170.7
171.8
180.45
171.95
171.5
179.9
170.95
167.4
187.35
174.55
169.35
172.35
169.85
173.65
185.2
182.1
179.15
183.55
180.2
170.35
177.55
182.1
180.7
187.9
176.4
174.25
175.65
177.45
177.45
170.75
177.85
174.6
177.85
181.6
190.2
182.4
182.3
176.9
184.1
177.5
175.05
178.3
168.05
173.7
173.35
179.4
181.5
174.25
177.0
179.45
179.7
173.2
181.85
182.1
173.3
178.35
176.75
178.2
175.65
183.0
180.1
177.2
178.35
177.0
170.2
173.45
171.75
174.8
169.1
178.65
180.0
175.75
174.55
172.3
176.85
179.45
176.3
179.25
172.7
172.65
179.8
175.95
177.35
178.95
177.4
181.35
169.8
174.8
186.5
178.55
177.45
179.05
172.7
184.3
180.55
179.95
186.3
179.5
180.55
179.8
175.8
173.5
183.25
172.6
178.35
178.0
180.05
182.7
183.55
184.8
178.45
176.7
183.35
180.2
180.55
190.5
187.6
184.1
184.5
175.25
183.4
175.2
180.5
181.15
184.9
185.3
181.5
186.05
184.0
181.6
175.9
185.0
183.7
180.9
185.25
186.55
188.0
189.4
179.55
185.45
184.3
177.15
200.2
185.2
186.85
186.35
175.05
180.1
188.55
190.45
190.75
180.6
194.7
200.75
194.9
190.5
189.2
186.3
188.65
191.25
194.6
181.35
197.15
183.6
178.8
179.45
184.2
194.7
184.7
188.05
202.15
190.2
186.6
187.1
188.45
185.5
179.85
191.4
181.9
186.85
186.25
184.1
178.8
178.35
182.2
190.45
187.5
192.0
194.1
186.0
186.7
193.35
192.15
184.45
194.95
185.85
186.85
186.45
195.75
192.0
201.95
190.85
189.4
206.4
185.1
188.95
191.25
191.85
184.05
194.65
188.7
191.35
193.4
190.05
186.6
195.95
196.95
189.15
189.65
197.5
191.15
195.45
204.3
202.4
203.3
198.75
206.4
202.65
199.8
194.05
197.8
204.9
203.45
203.15
203.3
196.85
205.6
199.25
198.45
203.15
196.5
202.95
205.8
209.95
200.6
202.3
199.8
206.1
205.95
206.3
194.45
204.5
198.25
204.0
