39.45
42.85
54.15
49.85
49.35
57.9
57.85
66.2
54.85
53.35
59.55
58.6
62.75
61.25
60.9
69.1
62.75
68.7
67.25
70.95
66.95
64.05
68.55
68.95
73.95
71.75
76.1
73.65
74.65
77.8
79.65
84.3
84.4
82.2
80.75
89.9
87.95
85.35
84.75
87.0
86.4
87.2
89.95
86.6
95.65
86.8
91.15
92.5
92.85
92.8
99.45
98.5
98.5
93.65
99.25
98.05
100.65
90.5
96.85
100.65
98.1
96.2
105.2
106.05
98.15
101.7
102.45
103.05
101.45
97.6
102.2
103.4
109.3
110.95
104.3
108.5
112.15
110.3
113.1
112.05
118.4
115.25
111.1
114.4
111.95
111.85
115.1
115.95
115.55
117.6
115.75
118.65
119.8
117.8
122.85
115.95
120.9
120.3
121.15
122.85
121.15
125.9
118.2
123.45
119.0
119.3
121.75
122.75
124.7
131.1
124.1
129.15
132.75
124.9
133.25
129.2
126.7
125.35
125.65
128.7
124.55
123.35
125.85
125.5
130.4
131.15
131.5
134.35
133.45
129.1
130.45
134.55
128.5
134.85
138.0
142.1
132.1
136.55
127.7
126.2
134.6
134.65
132.3
132.9
132.2
136.9
135.0
141.65
137.95
138.55
141.9
141.65
142.1
139.7
137.55
139.55
151.1
144.8
135.2
142.25
142.0
142.15
142.7
141.45
149.05
145.55
136.55
143.0
143.7
146.95
142.0
137.45
138.55
138.2
141.6
145.75
148.2
142.1
144.7
143.25
139.9
145.7
147.9
146.15
140.55
146.5
155.1
151.15
144.6
147.45
146.65
147.8
150.6
145.9
141.4
155.0
146.2
151.5
147.05
144.7
150.35
156.35
146.5
144.75
142.8
146.65
146.35
150.1
149.7
150.4
148.9
143.55
149.65
146.25
164.55
148.35
146.05
149.2
146.4
144.65
150.6
161.85
146.75
140.95
140.55
141.3
148.7
146.75
158.4
151.0
145.25
150.9
149.95
154.05
160.25
156.35
157.05
151.1
154.3
153.85
149.6
156.45
148.2
156.45
151.3
150.4
157.05
160.7
155.45
159.85
159.15
155.1
158.3
150.85
156.75
152.1
152.05
170.9
154.95
158.8
159.85
158.65
171.75
165.3
166.1
168.15
169.0
170.5
163.75
163.9
168.3
168.25
169.75
159.5
164.3
164.0
163.2
166.65
164.25
163.2
162.8
163.3
164.15
165.8
166.7
168.25
156.4
163.5
161.2
162.75
159.3
174.45
165.25
168.3
175.65
167.0
163.85
164.35
175.15
165.3
175.45
171.05
174.7
170.65
173.85
170.15
169.95
166.8
172.2
171.85
168.8
172.6
171.7
166.75
166.1
170.85
172.4
167.85
176.2
175.65
168.0
168.3
175.85
166.25
171.1
175.75
169.7
172.6
172.2
172.35
169.45
172.75
184.1
173.4
169.5
165.8
175.2
171.35
178.65
168.15
170.25
173.3
168.05
163.95
168.8
167.85
170.5
162.35
171.55
168.2
176.05
171.45
169.6
171.8
178.5
174.25
163.45
168.15
168.45
168.55
170.75
173.5
175.0
176.05
173.1
175.15
168.4
172.8
179.7
169.95
163.25
173.15
173.4
167.2
181.95
181.15
175.05
176.05
173.8
173.4
174.95
168.25
182.75
175.75
177.1
174.3
181.9
174.25
185.0
173.05
178.05
178.65
181.05
181.2
179.0
176.15
181.45
181.75
176.9
184.9
173.65
172.2
176.7
181.7
176.8
177.9
174.25
178.8
184.55
171.7
177.8
179.0
187.1
180.85
176.3
175.95
179.85
176.85
186.55
175.05
179.65
183.9
181.35
177.6
184.95
192.6
178.9
189.15
194.5
186.4
191.6
190.85
185.55
176.9
184.15
186.1
192.05
186.4
191.65
197.75
197.4
190.4
189.85
190.25
195.6
185.25
190.65
200.6
189.85
197.55
196.3
190.4
190.25
202.45
189.85
197.8
187.6
183.5
188.7
192.9
182.0
188.45
204.4
193.15
188.05
192.0
192.25
202.8
200.4
196.05
189.55
198.6
187.45
193.3
196.95
200.5
190.05
188.75
190.9
190.4
189.65
197.7
192.6
190.8
195.25
187.65
192.3
189.4
190.45
195.0
192.65
191.9
191.55
195.5
199.6
192.45
198.5
196.7
199.55
194.25
